latitude=29.939455403003432
longitude=78.13334296733213
